0 0.430769 0.398535 0.124542 0.288645
0 0.365201 0.399634 0.073993 0.261538
0 0.437729 0.450183 0.156044 0.314286
0 0.494505 0.447619 0.104029 0.158242
0 0.552747 0.398535 0.052015 0.051282
0 0.564835 0.448718 0.155311 0.148718
0 0.303663 0.390476 0.010989 0.026374
0 0.293773 0.399634 0.014652 0.016850
0 0.323077 0.454945 0.008791 0.124542
0 0.286813 0.434066 0.035897 0.053480
0 0.505861 0.474359 0.085714 0.104762
0 0.286081 0.481685 0.030037 0.059341
0 0.269231 0.481685 0.012454 0.012454
0 0.280220 0.515751 0.034432 0.048352
0 0.336630 0.580952 0.038828 0.167033
0 0.467766 0.647619 0.302564 0.282784
0 0.320879 0.576923 0.010256 0.094505
0 0.269963 0.569963 0.053480 0.071795
0 0.275092 0.635165 0.040293 0.063004
0 0.273993 0.700000 0.074725 0.160440
0 0.364103 0.685714 0.073260 0.098168
0 0.321245 0.670330 0.009524 0.016117
0 0.300000 0.736996 0.009524 0.016117
0 0.242125 0.764469 0.035897 0.066667
0 0.280952 0.761538 0.027106 0.060806
