0 0.660069 0.369444 0.010417 0.023611
0 0.687153 0.378472 0.040972 0.041667
0 0.673611 0.424306 0.066667 0.129167
0 0.679861 0.388194 0.026389 0.030556
0 0.720139 0.404861 0.006944 0.018056
0 0.700000 0.410417 0.013889 0.016667
0 0.681250 0.414931 0.020833 0.022917
0 0.740625 0.431944 0.034028 0.050000
0 0.720486 0.437153 0.009028 0.054861
0 0.598264 0.644792 0.214583 0.464583
0 0.699653 0.425694 0.014583 0.016667
0 0.767014 0.576736 0.078472 0.285417
0 0.721528 0.512500 0.019444 0.086111
0 0.318056 0.494792 0.051389 0.040972
0 0.378125 0.507986 0.086806 0.053472
0 0.416319 0.502431 0.013194 0.025694
0 0.436458 0.502431 0.025694 0.025694
0 0.497569 0.565625 0.032639 0.035417
0 0.717708 0.580208 0.021528 0.065972
0 0.720833 0.587500 0.019444 0.061111
0 0.501042 0.584375 0.029861 0.029861
0 0.502778 0.643403 0.119444 0.139583
0 0.716667 0.632986 0.018056 0.053472
