0 0.417708 0.402083 0.139583 0.264583
0 0.530556 0.383854 0.058333 0.134375
0 0.566667 0.398958 0.006944 0.020833
0 0.574653 0.434896 0.006250 0.073958
0 0.589931 0.476562 0.018750 0.134375
0 0.496528 0.431250 0.009722 0.041667
0 0.567708 0.428125 0.007639 0.027083
0 0.525694 0.573958 0.094444 0.306250
0 0.407292 0.630208 0.179861 0.337500
0 0.585069 0.553125 0.020139 0.075000
0 0.575347 0.601042 0.011806 0.027083
0 0.573264 0.663021 0.024306 0.134375
0 0.477431 0.680729 0.009028 0.086458
0 0.546181 0.714063 0.022917 0.140625
0 0.486458 0.750521 0.029861 0.065625
0 0.573958 0.756250 0.017361 0.072917
0 0.560417 0.758333 0.009722 0.064583
