0 0.486000 0.521333 0.340000 0.288000
0 0.312000 0.526000 0.053333 0.052000
0 0.300000 0.540667 0.034667 0.028000
0 0.320000 0.615333 0.146667 0.118667
0 0.342667 0.564000 0.034667 0.018667
0 0.242000 0.608667 0.030667 0.020000
0 0.428667 0.690000 0.166667 0.172000
0 0.270000 0.677333 0.094667 0.088000
0 0.556667 0.648000 0.089333 0.032000
0 0.591333 0.722667 0.161333 0.141333
0 0.294000 0.720000 0.105333 0.058667
0 0.253333 0.728000 0.050667 0.034667
0 0.402667 0.793333 0.325333 0.165333
0 0.606667 0.833333 0.136000 0.061333
